
/*les sprites de link pour les déplacement haut , bas , gauche , droite*/
const WALK_DOWN = [3, 33, 63, 93, 123, 153, 183, 213];
const WALK_UP = [2, 32, 62, 92, 122, 152, 182, 212];
const WALK_SIDE = [241, 272, 301, 331, 361, 392];
/*les sprites de link pour coup dépéée en fonction les déplacement haut , bas , gauche , droite*/
const SWORD_UP = [
    [0, 181, 22, 22],
    [30, 177, 22, 30],
    [61, 174, 20, 35],
    [89, 177, 24, 30],
    [115, 180, 32, 23]
  ];
  const SWORD_DOWN = [
    [1, 90, 20, 23],
    [30, 90, 22, 24],
    [61, 86, 20, 31],
    [91, 86, 20, 31],
    [115, 87, 28, 29],
    [145, 88, 32, 27]
  ];
  const SWORD_LEFT = [
    [242, 90, 18, 23],
    [268, 90, 26, 24],
    [295, 91, 31, 21],
    [327, 91, 28, 21],
    [359, 86, 23, 31],
    [393, 91, 16, 22]
  ];
  const SWORD_RIGHT = [
    [242, 180, 18, 23],
    [268, 180, 26, 24],
    [295, 181, 31, 21],
    [327, 181, 28, 21],
    [359, 176, 23, 31],
    [393, 181, 16, 22]
  ];
  const SPIN_DOWN = [
    [504, 139, 20, 26, 0, 4],
    [532, 126, 15, 36, 0, 14],
    [576, 138, 20, 26, 0, 4],
    [604, 142, 28, 22, 0, 0],
    [638, 142, 28, 22, 0, 0],
    [673, 141, 17, 31, 0, 0],
    [695, 142, 28, 22, 12, 0],
    [729, 142, 28, 22, 12, 0],
    [764, 136, 16, 28, 0, 6],
    [791, 138, 20, 26, 0, 4],
    [818, 142, 16, 22, 0, 0]
  ];
  const SPIN_UP = [
    [487, 60, 20, 27, 3, 0],
    [516, 61, 15, 35, -1, 0],
    [595, 60, 20, 27, 3, 0],
    [620, 60, 28, 22, 11, 0],
    [657, 54, 16, 28, 0, 6],
    [681, 60, 28, 22, 0, 0],
    [720, 60, 16, 31, 0, 0],
    [746, 61, 17, 31, 0, 0],
    [767, 61, 20, 27, 3, 0],
    [797, 61, 17, 22, 0, 0]
  ];
  const SPIN_LEFT = [
    [500, 19, 23, 23, 0, 0],
    [536, 19, 31, 23, 0, 0],
    [664, 19, 23, 23, 0, 0],
    [697, 19, 16, 31, 0, 0],
    [718, 19, 28, 23, 12, 0],
    [750, 19, 28, 23, 12, 0],
    [789, 13, 17, 29, 0, 6],
    [815, 19, 28, 23, 0, 0],
    [845, 19, 28, 23, 0, 0],
    [879, 19, 23, 23, 0, 0]
  ];
  const SPIN_RIGHT = [
    [379, 19, 23, 23, 7, 0],
    [335, 19, 31, 23, 15, 0],
    [215, 19, 23, 23, 6, 0],
    [189, 19, 16, 31, 0, 0],
    [156, 19, 28, 23, 0, 0],
    [124, 19, 28, 23, 0, 0],
    [96, 13, 17, 29, 0, 6],
    [59, 19, 28, 23, 12, 0],
    [29, 19, 28, 23, 12, 0],
    [0, 19, 23, 23, 7, 0]
  ];

constructor(options) {
    super(options);
    /*On créée les instances pour injecter les images du personnage*/
    this.linkSprite = new Image();
    this.linkSprite.src = "./assets/sprites/link.png";
    this.linkSprite2 = new Image();
    this.linkSprite2.src = "./assets/sprites/link.gif";
    this.linkSprite3 = new Image();
    this.linkSprite3.src = "./assets/sprites/link2.gif";



}